1 62008 28678 88725 20418 2377 32675 73271 4747 62307 89623 56373 42528 64173 62344 81581 48320 94838 54071 16668 85268 28344 86955 60181 38562 57228 39512 54523 7288 91766 82557 76583 70127 27588 81660 90545 29965 14335 80169 34712 76643 69792 91085 35523 50317 69781 33456 98638 64620 87527 31658 49888 32223 34965 26421 87137 92193 65933 41660 99482 57700 40570 92417 27827 68158 74078 34724 98123 4765 31245 49187 97760 1037 40272 49635 67707 10054 83092 66345 91026 86971 98003 40914 35547 49320 83687 22684 41513 49621 80697 57347 7321 21267 66117 51500 5777 40195 2576 20252 61312 
33822 1 59073 51211 9711 8708 18918 36117 8152 1615 27143 95124 15970 84409 30671 65290 68097 53355 6804 17718 34052 80503 41391 71671 46620 9243 77448 3167 11819 97700 64480 61993 83491 39905 13205 93203 48613 48475 45672 73118 50091 72816 68242 66061 57225 15265 31352 41674 84972 54508 59392 35377 35011 17135 7048 97984 26378 849 1151 54550 14901 65631 32895 98393 5536 46100 7948 70502 10928 53620 59972 61019 42788 28214 27080 14 59831 74784 58040 44803 29292 17433 80180 80656 50920 3581 94992 93651 4430 96143 48201 35683 78127 81096 50428 15 43549 58376 86869 54477 
28349 46841 1 71137 91407 75280 87503 51238 50065 45544 12394 95709 79329 92574 92717 30249 96155 87709 23900 16937 205 88453 68973 94684 85902 19401 94699 29451 77778 97921 280 22479 61114 48480 93616 68874 23760 97472 20112 73825 43016 48858 85887 22345 57785 78604 68946 53940 82666 92847 87230 82871 97652 56203 93907 83554 75604 88606 13005 69734 2879 29637 92213 63994 78117 2182 32868 1878 99654 69332 92055 59022 34543 94294 97719 92328 72899 66665 62620 71917 75864 49850 71140 73517 22405 65047 57071 14362 70005 86429 84096 89237 16066 92662 53231 10536 11196 2451 28766 27202 
88135 20821 86224 1 15116 83943 15006 4367 66960 93979 92636 42825 43829 63776 16342 82587 45175 89765 96949 15180 76194 97397 4417 8613 6411 74000 19149 17607 92803 64267 61161 97291 1440 63737 19969 32908 47680 51328 53627 30993 45307 46263 73818 5488 26391 6512 88075 71566 96277 85024 3099 72472 82422 23868 97437 5185 14221 32938 22793 7024 97205 83954 4315 98645 47692 40637 47906 11724 8317 1533 42717 69976 47797 32887 91816 74188 39399 79892 62107 35677 81268 65206 24501 80042 89074 38290 85228 3295 71228 24373 26672 84785 24679 47339 99782 88723 87976 47688 16800 12645 
49222 59517 82621 13371 1 90790 87559 48156 70682 66018 185 68302 31224 41038 48345 36651 79328 33573 56298 66908 74298 82970 51693 98977 30310 51476 87701 34638 99164 4501 63636 64738 80370 62609 78109 89127 53399 82021 53636 24081 48039 70173 92384 95616 11212 57081 32267 6892 7006 88565 73801 81304 71536 41846 80281 18198 93322 84334 52836 8839 88835 16472 73577 85558 79082 68039 91037 48833 50060 44673 72915 14451 14847 81651 10067 42411 38732 42334 49303 45738 30900 23104 27042 18788 64951 23675 53338 74625 8010 22526 99816 13197 55351 73394 98755 50785 57785 89793 99618 24197 
50818 72533 38648 65665 70536 1 8076 9268 7402 73732 71358 54654 13188 14752 73442 78139 38428 43132 69117 62790 65659 68933 92339 21010 58679 91095 71795 16464 97240 71413 40661 48058 60299 79310 30076 30835 44378 54504 40104 51780 28236 27814 6435 41425 42567 96229 35916 97347 39362 21385 60137 21373 90319 52476 42383 65350 59923 14178 81815 73515 1943 38828 37926 62242 34490 68002 93078 95220 38858 49534 47001 83447 77348 69788 41224 36267 82369 93492 33614 21731 14878 10103 59456 5197 78932 1839 86899 38855 32369 68714 12371 34313 23895 66649 96555 58385 51003 5985 53606 89861 
71871 16959 89660 65572 3099 30884 1 85468 24377 35454 23552 39255 61909 83008 60804 40841 84848 47703 79697 17217 32770 8420 67882 56665 75069 80790 31402 42424 86775 1360 32285 74999 34671 38298 40571 37770 69182 42410 23239 93559 94216 46791 49166 56126 46151 26322 96967 30999 74026 93016 64569 23148 17788 48803 96165 9209 29593 43919 51633 32721 61632 271 7720 96303 38569 64643 34074 7751 7053 73665 17663 17622 36808 83181 73748 82959 9504 87067 30311 99882 96436 11232 39382 14224 60035 35547 39786 5981 95818 91419 55054 57450 8042 79126 53754 46611 43769 4180 70715 50822 
94197 4730 84796 31005 4263 58544 30316 1 61964 60627 46353 74752 88211 85735 88976 64599 37634 45114 70580 33453 36534 25634 90903 44576 4760 61009 7540 48529 65189 78255 15703 75738 99337 500 6743 3600 75396 37060 33720 53712 14039 80073 28464 18603 82161 33793 83202 19795 78907 53782 69600 31793 95768 60504 92722 16880 37865 262 81761 19407 94869 13816 95145 10558 14316 18241 14158 6065 71653 64230 76129 85692 44304 20946 20647 26465 54739 3849 62612 49998 73983 32213 81792 69751 9069 90866 2983 46934 91128 84744 82693 2349 98561 77839 12907 29229 96080 43417 51646 67733 
7648 27776 69777 68304 48722 90425 94769 19813 1 73733 69811 84610 5946 67955 70713 31367 58821 73697 78302 66301 74793 77347 85002 73354 55186 97909 18936 67618 41327 70582 51703 65327 14710 21481 33631 79784 28258 44752 15949 55236 18485 85761 56198 40784 70068 26912 72151 45242 16961 66805 27895 91754 44153 12898 81461 99339 27159 397 83310 84838 87331 35013 50165 18394 56494 148 98178 1104 44900 14128 72693 63386 16241 28891 4170 2661 55803 92673 47903 89116 59479 92151 97223 3632 21401 78684 19323 48560 95433 2633 49751 99116 37647 16268 17510 10493 16417 32041 11598 77669 
46169 84291 41055 78762 29534 61577 81423 85338 54251 1 90806 13730 37830 88029 33714 75583 83065 53037 40495 78498 55671 90246 93967 9670 22867 11477 20163 55636 59870 48113 33305 6039 48756 74361 84801 78291 52290 82577 79981 6541 28256 70787 36623 82438 58817 86689 74373 41882 39727 14868 36733 11750 5115 30700 21420 44334 58529 41583 99970 18400 89697 33275 40791 54805 23988 41945 33096 76279 24522 13077 99172 69130 83865 52148 67920 59034 38837 42293 916 78564 57161 37649 90314 78628 84701 28086 22962 43231 69670 39284 77983 75719 72560 18774 30524 96548 77071 79973 72827 17945 
93050 88352 87075 93267 40500 71347 52301 79337 13640 69570 1 87154 7219 80920 82134 91921 9007 5097 51504 95029 60733 45839 87100 33293 80965 33976 46194 58037 13949 35373 75982 23352 23725 79410 32971 64225 50757 85273 59915 64398 54843 34169 67904 78414 15089 50038 86687 40448 71487 54543 35477 32221 382 22577 81866 81348 56554 28060 55737 86855 63434 31719 10207 87159 11129 43179 67737 61887 44804 27652 42637 15999 61821 26893 94413 93262 76931 97453 33711 64771 51996 69188 96992 52379 8118 78858 50079 81024 23271 5816 67879 86705 53887 94439 90216 65017 53970 57953 43256 98774 
1957 2245 31125 80130 45490 25538 73393 22421 39343 23456 3544 1 8996 536 60071 17114 95747 10150 98138 19018 32318 82370 5723 86205 76809 95939 67574 30779 70245 27182 45905 72202 45779 77030 52333 91269 18920 42078 30043 58264 65534 33587 49604 74530 50476 9675 91645 46223 36177 6135 81593 68495 4857 87316 71052 81666 99607 38627 28797 86204 65809 74702 58407 27941 51732 27092 19210 87005 69170 49253 45269 34704 82841 11225 9234 33317 37252 17231 95892 73429 39719 77485 58276 44576 81153 45680 42595 97112 84307 71392 83317 66469 46095 58076 94410 14179 1520 13620 17536 70690 
79226 62805 21746 78419 74030 47332 28088 27634 80916 23980 17415 20635 1 75691 81563 98970 21372 24158 96082 22031 95551 95751 4852 57998 70179 15614 88529 71699 45587 6066 58741 24813 85223 96839 3232 75606 44172 31320 3240 25088 71652 20656 62075 89469 12699 59990 88439 50423 84149 873 88807 96052 96625 93659 70402 83156 25626 58931 54856 71213 81349 29949 96026 82925 26789 15610 58531 70961 46930 78123 12401 18582 15131 90828 8051 27831 50818 12842 94606 34967 13715 99765 47371 26692 9777 17773 9849 35403 93057 81057 6616 90758 11006 2642 73683 37795 18252 32214 25108 81534 
26690 53861 16468 41821 44689 40871 86004 11860 53713 96963 63179 83780 96728 1 10473 6505 28324 20322 41908 37733 17731 64876 28492 28737 67518 2175 82885 2122 50742 24345 8 77432 78207 16476 19253 39248 73699 5258 51108 43764 2221 30640 27545 15301 41191 54370 21807 85867 91044 80067 23601 8775 44944 68445 53864 28814 70620 36749 47289 37714 61095 47297 15146 55654 80126 50752 11254 70177 72362 62363 13942 90935 9355 57839 6236 50546 28561 28043 52765 19605 24463 76366 28380 85759 61163 82244 30925 48136 35346 78214 85850 12793 41864 17349 68447 38342 68101 79701 8519 40463 
58416 38813 31398 67771 13004 37634 34669 41565 82030 87435 61170 22845 80153 5902 1 41317 4499 55881 89453 56197 34096 91655 68990 92312 9004 53789 47006 93457 49842 71877 33920 8259 10691 81670 92382 40047 35657 43404 81613 17687 30839 59135 56884 27344 81390 81840 68661 2241 37721 74466 58438 88169 82474 27428 80481 91478 81217 43839 1288 31059 15717 35208 55670 26408 33231 64405 82807 68888 7809 80772 2927 55000 39908 59811 82344 37650 58003 67358 39891 95724 58176 98329 246 57002 25757 80727 64833 23326 40919 66121 70737 56636 1329 26408 99396 34560 7165 82203 19800 31326 
62976 22727 86326 19236 98890 85022 56886 56893 68732 13129 52618 43261 11458 52864 263 1 49943 65096 93245 90862 31217 63982 47498 48899 90390 63246 83459 13907 45450 19612 45233 24778 42339 47911 44014 41230 32934 17252 98123 1666 30381 67093 44927 58191 36309 61543 11758 2605 26639 5003 9819 57857 85337 73670 6756 92080 36916 6567 5987 82366 26179 51221 7144 84871 99132 67510 26101 48418 84762 40576 66437 31495 24022 11364 89686 76683 89259 17796 79288 15899 39151 5460 73756 24489 79130 96864 16569 16046 3431 38908 14765 45963 90129 38261 30834 5614 5772 73287 54032 6886 
30215 20469 38382 70589 48186 44420 47273 37445 78569 42913 53344 34072 48373 43452 74913 43855 1 91482 59902 60100 46743 74667 22415 36872 12928 69601 58838 35052 42888 12871 41939 89455 49692 96673 76397 97878 57445 23670 51676 36014 82935 5020 86439 47661 64825 61352 91516 21493 69187 67770 97945 15930 42437 36712 69154 71718 6313 27993 23122 65553 40864 65061 55009 90556 78086 31406 4787 35532 71428 56463 87898 70715 77835 74337 18376 42660 35690 26245 80506 4877 94015 94803 37159 52805 31516 6313 40875 37829 34306 63997 3383 91522 29059 74744 98431 23497 6150 3218 59029 93930 
76033 63280 80997 53868 53969 99374 12881 89659 41971 9739 10888 35986 4542 48047 5143 36058 70713 1 73888 5019 10016 93623 12894 55427 68367 11325 78924 90869 30895 54306 84799 23280 17586 65796 77148 71555 81522 6381 77567 39845 16120 4807 75832 20663 69207 97327 73073 39920 43346 46961 61291 53362 56936 90537 25141 25303 18214 4065 16172 49109 74723 17323 88741 8661 99472 65890 96569 97346 88623 90488 37192 4744 95295 29376 41759 80854 26703 31184 37126 70049 94498 98418 39763 51434 88955 64904 76738 7170 85322 9262 72631 76397 42938 61373 85059 58762 43615 81628 56108 48590 
88468 9652 69686 115 39028 11445 80970 65732 42630 18096 52133 37128 32866 91897 4914 21822 73153 81652 1 74827 7267 34327 51225 50205 12052 36284 8967 55667 34264 81427 4258 39084 91080 73944 39199 30108 1742 20169 12192 60724 38266 64326 14204 71132 72575 19118 9306 62080 17123 71002 36908 40742 5330 88133 90947 33734 40769 16266 89402 91385 14045 10012 30469 5125 308 86020 51586 18402 6190 80130 95478 60808 60808 9682 48292 33383 45153 73951 95464 62276 44953 48724 19370 66635 36857 10317 370 93978 42935 6124 1715 73332 32488 48536 94810 32796 34556 46396 67551 40746 
26526 63029 17906 87335 89064 66199 37070 34217 40150 48886 12845 1455 97610 32215 84443 50819 58884 84813 44797 1 7289 62864 91503 39777 11400 86313 88925 45957 49061 56476 3055 91940 35858 20962 95627 24922 3513 32697 75491 60015 97936 4688 77822 95546 36903 62265 62718 12139 63430 23867 46662 70719 86732 38165 26848 98132 40831 15774 60441 89892 88602 63497 98184 40812 811 93811 65734 4324 42861 57577 80691 40797 62265 58513 52695 15520 20779 15413 44011 84209 39281 90673 71281 26013 45191 14481 40497 86022 46607 939 92266 35210 80788 90451 92374 81599 84262 58109 2275 43475 
32038 82966 84272 94304 41479 53320 26176 78610 68733 70188 79172 24366 77213 50453 50379 22404 81286 7229 8426 27894 1 17045 63104 5308 7496 55478 3259 8110 29939 5534 67938 78330 4852 52210 88986 46331 21882 15162 24942 90616 1702 4114 14982 78916 70919 81714 17672 52205 88943 26099 80099 13463 59496 59555 35123 83344 31386 38382 91454 77677 60268 59392 56007 65120 27955 44993 11451 49837 76508 52745 56805 78210 73211 71788 73478 44130 69854 91151 12688 75149 33602 9139 4964 93098 68695 40087 76442 16433 94821 84248 94110 55089 59993 66470 20209 4300 11463 48012 70489 4323 
758 27295 82534 90321 15435 72364 50804 85289 79867 63492 76790 13469 72631 81754 22919 57678 21841 15713 74111 16662 16314 1 88103 76307 51044 8312 96959 78859 56324 67448 83183 73434 94743 82069 63756 26530 70785 14560 28171 50653 94404 4961 80474 83387 3067 3394 41066 24908 35459 31529 57922 51773 32455 46025 44432 83499 70689 41391 78711 43366 8840 61894 16800 19935 43963 96908 62818 14748 27820 90989 81753 22224 12303 62228 5612 15370 81974 63030 56631 17433 94559 30905 85559 27015 93283 29991 26866 63972 87735 21929 7338 12927 83823 40491 49214 44138 37399 12032 75239 65220 
19374 56992 3796 48029 35572 9408 63399 17546 72438 36382 51332 83350 67288 36891 26717 60571 83234 53583 40895 70969 75513 64586 1 75688 5077 49463 36179 58828 61495 11418 24048 80869 84762 44197 45250 20335 53605 8650 37881 26044 61384 89213 9394 45024 42456 36111 21947 25691 6046 62843 13012 97911 27429 13261 89952 32506 62724 26131 7686 40571 37549 48087 37793 22311 92284 83043 58998 45889 8045 96880 88285 69430 2445 97679 14454 61254 50142 52754 3297 72541 15597 16309 86804 59378 45922 76756 8236 8646 2887 15922 65570 56788 64009 3363 95452 56293 86406 54450 18535 94452 
51330 6820 63882 70128 20852 94688 31382 87346 63794 34679 59887 79391 67340 46692 38769 13263 39800 63357 38261 42688 79280 3831 15828 1 7194 11280 15935 93601 65731 50822 4405 33413 57642 84639 19893 78494 95679 67627 82193 59474 2306 58432 38865 85999 5124 93987 99262 61277 73696 53875 20317 52976 57707 36145 12618 81253 63778 44905 91206 45861 95727 95611 95626 53369 80250 15520 48216 92282 83147 46761 51756 1806 5193 6973 87805 26670 17312 3419 87947 91009 57294 8264 43985 15001 60761 72955 12607 24539 17860 3813 70400 13587 15777 66027 83309 12379 97899 47877 4661 81046 
94638 56417 99204 99831 63391 87009 26501 80703 90428 14448 88064 47723 39064 32050 79076 99826 5005 91683 24365 39218 11849 11118 52805 27626 1 52466 40005 75044 343 61019 72442 11333 17436 71647 11165 97179 75008 54018 94235 65437 68467 82299 29512 23883 14349 24940 23709 35707 32976 64427 91277 44825 75545 44082 88803 69042 12901 45160 60438 29596 6179 49232 40930 23616 37231 52095 37147 12240 6113 31382 94029 90932 30034 39893 14816 60735 64833 54877 96442 97809 19304 87719 42634 11201 48154 47789 80243 77407 92950 57033 7003 99129 6266 47933 39097 43497 28 92597 72089 22494 
23979 66118 13426 54013 6011 44594 14749 70845 99472 27543 85006 35128 31615 27641 46330 96121 75430 42925 73528 84732 99959 80531 83862 22577 44817 1 82426 44845 31908 54516 83691 72240 36986 13470 42605 42998 58064 73706 30195 73888 17602 15201 9017 49217 59194 71699 61690 50977 14624 51570 35709 30935 32101 35923 69864 76918 75235 52291 38116 23495 23159 38159 95735 60145 51629 38341 3143 26046 28399 49690 99934 46001 64892 25303 11570 40438 13354 73260 91415 44331 24830 27125 75266 73284 79400 61483 66554 54635 30126 21022 78131 53285 59182 90218 13430 27163 44911 32926 53209 73311 
98968 69496 35664 80212 11151 47235 20651 24506 20495 12066 68837 61678 55543 60455 51314 34944 38290 17868 5931 68416 38891 414 21701 14425 90633 51484 1 51896 84410 11150 41559 83378 96998 77224 63591 8149 24459 594 49007 61306 12660 17844 22984 84556 94652 74298 35852 32942 8519 41783 1359 63762 42198 39412 78187 49183 90896 36127 17431 75306 63629 58991 75037 60627 36215 54980 85129 60674 55574 34136 21980 84586 68333 61317 85494 62985 35615 21346 12279 60486 79482 29990 24248 21680 69403 2435 87215 60299 54915 4646 51958 18544 63637 43347 95524 99852 98327 80653 76878 70253 
14789 15211 71191 99474 76528 56686 78811 28495 78032 91091 88982 57514 21081 13230 95546 6836 32018 99113 67136 3285 3760 35446 21829 83749 78793 17353 99954 1 14358 93184 63725 29148 8395 34916 44974 84923 7954 23786 29771 2339 31229 18753 59853 68662 48335 71752 75499 96705 87217 58987 99990 7329 94433 38172 91079 89578 55525 7385 83050 69884 569 63127 15384 8965 14395 76710 10240 22350 496 40011 24689 48077 75116 894 33092 39804 88998 24943 36509 76216 282 52852 83545 11067 91024 90976 645 46549 98361 47 32785 15283 63174 64521 40600 77569 41232 50840 16271 58080 
7204 57312 6158 82320 58207 55602 38476 63557 80545 74986 39773 80827 27838 39671 91894 18862 30647 8891 81763 45361 8938 30901 60644 88464 95422 1244 82385 36654 1 98657 94735 75640 72321 17245 74313 30528 72847 12789 10438 69744 87775 50211 66923 31965 89882 58817 67179 36882 84060 48943 82243 9350 79844 42887 97814 91618 60483 80199 28273 12567 95208 23008 4560 67530 56605 78873 14410 29452 91662 41200 99196 95790 91412 66119 27755 97646 41288 94935 50880 41700 60230 33123 51050 56426 92362 48864 64396 52845 45415 92669 81765 56976 32029 86325 40858 88634 81550 71620 34438 73212 
12821 49986 69002 20585 32457 96758 34583 90097 8045 85464 31797 84627 34939 82847 57405 27302 48063 21801 96499 9831 30823 94616 83159 62852 97293 24017 67839 78843 11989 1 52056 24810 52264 21058 45395 84721 34168 96331 91171 58565 81795 22968 43192 16734 22168 16949 60388 86583 55103 56888 96414 85926 67856 79573 48778 65150 19942 16617 43993 31932 35247 96049 73094 87511 17108 34842 88584 67628 31173 79755 26194 12968 19076 85738 46054 41244 2688 6443 44179 74143 79683 40594 60069 47539 36519 8847 29041 56462 41817 73035 4746 77064 69084 77840 80927 2544 12682 85863 70173 60207 
81971 12719 73175 1047 98457 35582 58643 17497 58377 2822 91640 38060 59768 51709 1951 96288 76909 30993 69102 35078 20380 73848 28494 89464 68040 9421 8361 97075 11636 94886 1 93607 7605 46810 11006 22414 82392 69649 56264 40769 88824 47904 95181 64944 15966 13484 61232 9227 60829 46686 60657 81209 36886 89151 87026 21279 98572 95387 18354 10208 90273 75636 20168 97878 38798 31174 36644 21190 17176 92908 78311 22352 40813 89844 87296 73131 3329 64881 98710 64158 11567 59367 61720 64806 48518 48746 86085 63442 44133 4439 90002 50758 96427 10170 48636 51578 41345 85280 72768 74873 
78189 67432 97225 35354 57276 84521 24837 60605 49402 23547 41116 77322 82914 19188 58480 31432 67934 44565 11226 28419 65356 1228 79177 78135 11399 44165 29713 69096 45797 18834 60321 1 86266 57546 75692 59894 58419 529 36852 24174 40428 94320 17848 23342 13508 76328 71126 97794 20893 82352 26213 2601 99933 21742 97088 27684 82259 26802 13132 28056 61988 73453 68395 64606 30999 60439 24500 5770 77321 61352 29944 17749 55672 47792 57444 69180 24120 28570 83326 61365 27275 25891 80318 43560 47633 77407 71244 46244 20561 84376 74301 82549 57829 59048 47155 5180 19487 71655 27302 96808 
33008 57247 30910 5032 21391 88354 90565 61864 33276 73891 39581 60551 99783 19900 4111 63768 97307 91707 26365 17868 76083 666 16769 50264 59714 63924 71796 95553 35579 99099 8714 84939 1 39624 6324 94089 27978 96889 55953 61254 87132 95535 38158 3267 31787 58621 83388 45446 50329 9753 79666 42764 10419 96435 93029 86485 60359 81177 98390 12290 80276 7104 13582 52974 46728 19906 47064 74706 16795 19369 52313 20279 31256 90471 23547 63043 49092 6935 8489 15773 16688 88155 58538 43459 84590 67919 46296 61301 49096 44686 73592 45725 51791 3526 98699 14871 23432 62115 89578 56579 
97837 58243 76858 29093 48714 405 92137 14158 7340 16978 29932 40380 21486 4822 83839 22428 72741 46487 83730 21837 7526 73674 67562 59317 93552 82614 90540 16984 61081 96470 73563 58918 54713 1 88012 19779 67179 96501 33938 90871 29831 80222 47604 51317 85044 31443 90098 57785 94283 90180 95974 1809 63854 79889 77478 73758 78855 68018 90742 39936 64489 80657 98855 35554 47430 3219 55334 30961 99720 89272 38185 29551 85846 85789 97221 70890 33584 87319 45027 27867 77499 41001 46028 57705 37242 23506 31463 16097 7877 38557 56034 88718 19214 71241 24272 82996 74460 95958 30310 74180 
1582 68495 20083 87428 70636 33656 58318 20572 20975 19697 48440 14826 60699 10820 88883 14293 34327 36698 30391 58556 75255 2777 47274 10821 74018 87898 10170 48478 83857 40480 39010 85439 25327 75445 1 12315 9102 47538 32887 30077 67236 97679 61256 44287 8500 66491 58580 59179 3190 5323 17735 78445 24452 81361 5619 98470 69259 15789 63300 53116 72621 2310 54908 14300 77756 44128 26615 3210 91666 59502 49639 75254 57182 10895 19541 82034 77387 94474 41213 80577 99797 75300 75374 24250 56661 97345 39072 25920 13134 2373 95389 2107 21035 50297 16407 15143 94425 43022 18353 2443 
18877 67993 77698 92411 95240 13591 90797 88979 8065 32010 85908 24215 7310 61283 64817 80323 58628 3889 6243 88115 22614 17984 90222 60002 68281 22982 91497 79058 82356 9851 97854 1233 94196 75552 9996 1 5495 793 78416 13561 49155 80676 54128 56465 41959 18945 36788 16940 22834 59384 21407 61801 77368 27981 21803 62002 50963 13300 57412 33320 39503 55266 50905 50051 47170 77254 55840 52666 78047 34256 82579 27203 31284 36707 20 89596 55652 53161 22888 94838 28897 44295 72991 22617 88628 11146 84619 55944 40799 58384 89264 80302 30002 56521 30354 77173 33775 86194 46191 28175 
36802 28770 55378 68086 81829 71750 74034 53833 24911 96922 48671 53808 41217 21663 76426 46198 49161 77397 2142 89960 52133 7758 70263 82136 64279 16969 75661 14407 19515 38204 42582 72669 83326 14312 57107 65155 1 31142 18988 27326 28064 84011 97486 85634 22026 90264 31832 71188 84014 33974 61148 36147 41732 47763 34635 22363 81084 10296 53122 599 64852 95704 89620 48178 26368 46728 13333 12431 94222 48673 56109 38638 32685 53595 24272 54711 60212 72456 25899 44226 22782 3400 96725 80866 51163 31361 3230 32248 58009 56352 49199 22862 68409 38820 71040 94777 1900 726 23560 12474 
49399 79669 51112 82084 49617 91737 36796 9829 64193 79047 70407 86976 82447 67132 67842 33611 98493 87424 82211 72855 60129 31410 95717 28538 86582 83109 39667 88482 83835 63228 956 33235 59249 52069 15319 8866 60158 1 35047 24351 63867 21806 27679 46314 88939 95522 96277 3784 99298 78488 76639 59427 26251 88708 4317 12833 88170 43985 1316 72005 23565 18624 21592 82814 87045 53264 8033 47203 21731 59432 71555 1950 81239 99234 48265 86530 11108 60894 90314 26759 55735 83306 2538 81986 88366 6856 94819 76536 67193 12487 48542 7110 31112 70134 6276 18157 23398 14309 81713 61482 
90094 53268 63432 87685 68854 28049 74215 96315 88944 80881 39426 44679 64187 41964 26665 52554 65172 37836 45442 48717 50324 93984 55827 97788 80471 62104 32297 20221 92765 14010 81703 82859 83630 61488 70544 68837 89537 61111 1 94833 41993 20930 55864 6180 62894 98881 75086 44419 36718 20529 93136 3394 30865 48964 1182 11336 11068 33479 47910 3833 47490 29613 3045 31120 7453 73589 16309 13343 34701 97813 24528 76694 18743 80393 99226 97990 79274 74313 42409 32344 11194 51897 52090 42059 861 53272 69748 28281 3104 17658 32115 50594 63623 51512 98066 71077 25101 14376 772 76154 
28541 25300 69200 47285 5693 84779 61627 1320 75444 4036 50016 86638 55933 2107 45049 73147 71731 31149 1428 74835 48807 49895 41781 12431 1407 39848 99860 42861 70576 16984 35367 99117 42284 20920 62754 64330 22051 24381 82002 1 44769 32018 485 17055 50477 61886 90202 22209 93036 7982 97044 41843 74230 38826 70626 91989 95026 86838 34850 65602 3822 86570 81071 62459 23842 43826 26789 45893 84559 25143 59740 29329 57161 60225 46384 7639 22111 52938 46200 31499 60920 43244 73343 35150 82070 60321 43492 93448 47160 94694 75402 67334 81264 56474 29793 21458 16652 72934 67351 1211 
98077 27091 46892 71591 3668 93276 95582 42132 46214 41782 73631 23487 85026 63326 74989 83449 23648 18481 76897 87160 13176 52300 70846 94440 25126 640 32251 58130 89926 99602 75693 4356 43046 22586 75947 46714 15862 87881 88846 78429 1 62478 1916 31041 25804 76905 14490 65804 95387 7740 52964 24915 76392 40163 35707 1518 57155 67958 59648 47081 67561 35341 67789 10607 74279 43736 73673 90142 31617 62520 84923 77632 41350 86839 8674 83506 80096 39516 49311 91835 47256 18627 16750 23648 58790 52458 41518 15945 36768 17518 79379 4329 52860 47168 31288 27139 7257 4962 33633 55226 
83834 18556 32859 25184 21747 57885 25042 18196 97401 74353 26383 61010 9333 43134 1010 68123 11944 42529 421 65064 60047 79800 69394 29259 43320 17034 72751 50577 38348 22736 5804 22182 57645 38663 63718 95744 12900 88761 13940 10301 79466 1 87663 88799 99810 88674 73275 28106 47555 73696 93170 23954 69848 78916 53214 13168 12303 42317 63746 50651 65053 85902 89186 22698 24565 69256 18443 37465 74369 48735 64118 53836 89059 51782 42635 5221 56808 32262 49679 4363 22310 42850 28317 92158 38118 97883 21679 50421 40200 1777 17425 5254 87679 6611 44304 28596 92219 62747 82413 66589 
27835 46531 20425 33246 14665 79412 38468 71473 11675 88147 75836 50337 47349 20506 42496 85468 18389 80527 52241 58590 82304 69666 80196 69983 92629 24500 98579 84849 3600 80992 51438 47787 43875 71863 81033 74893 67627 19501 46366 79302 24001 38555 1 87702 59061 88488 89522 93802 69015 58116 52392 67671 27782 48940 37654 36764 89793 52585 21613 93393 49929 73051 41180 10156 61266 38565 85049 28893 74419 31416 24548 14772 86323 70540 2474 45384 75380 8349 39186 60747 66465 7931 28418 94247 56871 82424 31011 63016 35009 68976 72761 1290 58379 13941 11446 19645 68859 96496 64891 43278 
44264 89439 58050 30587 76331 76876 75971 51711 85225 31509 12458 51690 55792 57228 62290 29016 39652 9653 92032 91013 78630 64794 92303 37009 95087 20101 73007 63946 16597 37898 7224 60861 43689 81626 91448 20020 58503 83771 71731 43728 31633 541 11771 1 57769 74061 16441 13773 83714 8474 4786 78696 73268 13441 15706 68355 33542 88713 32302 50140 26611 55878 27353 70300 37505 35154 6672 96008 18925 94755 56088 50558 95296 67859 37984 69417 41920 70777 83190 41987 79251 4328 20683 68871 34121 52741 37227 67663 41454 85881 34155 84417 58111 77861 71069 11968 13015 77741 24328 31940 
72496 80417 98851 84144 64628 53187 53561 6549 23964 53103 64888 19568 73783 85571 88439 7904 38313 42018 91920 96119 27899 26075 80537 2363 3936 67958 14331 16951 45700 38660 65244 34548 35429 80447 18693 57 33634 72254 22958 73950 41710 87846 93518 15493 1 98310 39750 44435 40328 31670 40554 84580 74097 37443 86943 78034 21754 17626 11337 67454 56286 92933 2002 8067 73380 20695 8125 23366 9302 31083 13669 67364 35282 23539 99209 25052 21849 38959 85839 78530 86981 42745 63110 61079 80189 66405 55465 1943 84031 66802 85749 56670 76088 4103 81089 65820 41151 89214 5539 50453 
36650 19208 34169 71932 59099 33378 13336 97301 72338 99175 75831 75671 41920 55293 36750 38461 21698 92215 56756 22081 75370 42505 95103 67810 46609 76193 33630 4112 81759 39169 54565 18409 74729 88734 90341 50181 38464 20029 47482 10802 19204 23313 2826 61125 78606 1 15938 16656 48144 72695 55089 23514 31552 66545 91324 94513 59090 41306 98625 40849 96828 53190 59259 87909 58276 65952 38090 96741 85982 85572 23895 5186 25237 26721 82663 20195 82650 98602 53203 30794 87649 8293 70660 19201 74838 61984 13715 33928 19642 12340 91129 16470 81883 50388 4380 40159 16341 42470 53252 18675 
44395 77148 40213 69632 20221 22877 89828 2871 37831 43031 50017 25480 67676 20677 61033 58866 82661 74748 9146 2304 87089 276 35126 68972 50664 39506 25483 83357 81977 95088 18384 42724 88588 58598 12356 8809 81475 2184 28033 35658 61568 78050 77490 29244 98728 38523 1 97741 13272 97257 16397 16713 13885 51524 2037 80902 7382 43872 80611 5711 38960 98996 48435 27548 57594 60792 36358 55421 79328 80743 7431 57248 75145 84921 86493 73873 23444 90956 87967 53068 4565 20716 86133 34803 88592 88170 15705 95975 32043 96316 18038 71003 95312 66474 14904 69258 43618 67614 24679 39298 
48357 32110 96547 23502 33383 99392 13728 73180 6700 18047 26248 27617 38763 28734 62420 43708 16904 78125 56035 65299 90794 74073 52655 86106 56899 67559 55365 16869 35173 96396 72520 99882 44859 85419 39736 78242 84811 53464 51422 7863 71511 94023 35480 26627 22757 14253 86687 1 8730 42722 21313 99524 33147 73968 85631 90047 57879 57348 23268 9404 53744 95788 9286 98603 81207 49022 93198 82370 18839 44620 6585 6702 38643 58418 33329 61400 72671 36368 17414 81401 79090 38727 80926 12238 29047 82909 18637 86926 40257 58257 96330 10353 54046 5616 25309 51605 70990 18507 50328 89829 
63127 56913 96532 18123 15331 46213 79523 88002 82582 13289 85756 78024 52016 66682 6614 81063 49591 41603 84341 6200 99861 80671 32905 70259 2639 58214 38216 89982 93073 88544 79811 72553 45458 92695 90676 60789 55261 86551 65144 54195 99841 50900 32219 68209 17582 55186 49273 83525 1 33614 6077 13002 30638 38982 99613 49629 13549 37830 39611 6622 26374 19423 79175 71832 28470 69851 48974 83731 72755 14118 37926 72596 81370 86498 40805 15304 58036 6430 98829 54825 56397 21258 84180 3387 60240 83793 53016 73789 21623 92628 80412 47998 28403 75939 36182 73225 62143 1508 73309 34898 
31978 11235 23846 13348 14085 81003 28652 72121 3786 43833 43299 60183 65091 27479 79922 25332 11272 32938 15473 49248 41918 12237 97246 86673 88177 49780 59899 50320 51289 33208 1570 83267 60795 25416 12968 91233 6419 41620 79706 26557 85454 23005 86740 50545 50484 83014 92229 78109 15953 1 27357 74223 19940 40955 77249 24469 90735 53500 74789 58376 3060 76359 57996 63855 18127 70964 71440 40899 12584 51147 67456 98038 74152 70549 64936 40989 53563 57165 35450 85868 81220 62807 76444 17513 20114 53693 41982 10849 7193 16772 85578 10253 9483 43574 90460 43963 14538 78253 84862 27122 
29400 68670 41513 19904 39219 22801 77245 9135 96318 12695 11355 77539 91854 87799 11404 11968 41492 53386 22818 65037 86510 24748 91642 12346 68322 98455 56309 82860 76708 57523 26334 22460 42545 67847 42364 81765 90648 35962 7252 3319 48657 18607 97210 40512 22759 8614 52480 64251 62000 91650 1 64863 16398 53635 77209 1072 52090 49870 83932 28798 7393 10267 67610 49938 94466 26327 48055 1467 62289 71659 4786 10946 90267 1996 67810 13026 10610 36643 93629 88962 44645 55622 53825 77396 9258 31034 78468 61348 80904 62401 6499 4649 89020 74109 70940 83486 436 18995 84953 79077 
90655 6091 6376 97274 8087 74186 26652 35049 27181 20281 40364 88179 75904 94189 65575 1514 41576 44043 62862 38832 22796 85713 59834 11816 59823 30774 11655 76611 49769 12960 72041 56776 19052 78417 70402 43491 68955 97054 94893 96137 17336 35257 84316 9592 29446 66243 11106 87374 10286 90320 42559 1 76034 2393 77603 52209 33167 5610 28820 99288 18571 17213 72417 37623 95630 42819 97466 64586 39874 92359 77075 73562 27616 61391 83154 73415 43986 10612 77141 70624 17284 19700 20059 93318 22093 14015 45527 71612 19625 90700 70901 38196 7913 43318 92171 19896 86137 5990 84482 42363 
98349 61557 15925 42318 39300 15431 15733 83286 26043 92874 53910 59680 12575 90322 52998 51020 20689 14878 22633 40314 21930 9886 94863 29843 53204 3386 66091 55693 9376 50573 98057 7726 28482 13982 50044 84134 29414 82129 67420 71809 91355 37683 31489 3930 44357 840 71303 65046 15718 93936 21712 37648 1 16575 83843 73378 19962 49935 29071 45690 16860 43480 53416 45343 57463 19812 29477 3229 18293 13250 91390 9649 67285 22880 29931 27994 40072 1234 93040 55790 11522 14752 9790 31696 47680 9985 21426 83994 76272 66850 29684 9485 10330 99453 71180 84145 35617 17009 87374 53911 
30259 78765 63560 13896 17997 93491 41890 58069 94726 51282 30211 22600 82387 56353 70649 30067 66338 92075 30413 58963 58925 60097 68448 69256 75902 55980 53401 11520 72989 57128 65431 3249 52245 28991 33497 86594 22482 75388 61015 33560 43022 91226 72513 25409 63931 43162 71828 46621 35237 2241 5584 94163 78691 1 79771 54593 46364 49524 66113 19354 6652 31544 38955 75249 76887 72452 61843 15722 64192 39210 49282 23567 30436 38147 48976 94367 81309 37157 40989 16547 39398 62925 27062 34441 69662 23185 5387 16026 72709 71500 51732 95714 19397 7039 70963 96284 95844 49159 12006 60036 
88369 77641 83603 35158 15788 48932 45877 13450 86089 3218 46349 41839 82496 89763 92633 52158 12948 98020 84536 85657 85872 36269 81371 5269 43308 68687 17906 39152 34198 46264 15541 22567 40257 15496 74077 72398 80780 19955 85848 83221 23173 48549 41413 22021 38312 34046 74179 51260 32066 58716 36917 34290 11337 34641 1 70997 19680 73818 10150 53878 36434 42043 76445 76692 73891 50523 65442 71024 86830 51290 54245 26355 99839 95658 48377 54503 29704 22556 5763 78122 97624 59032 28765 8961 93673 84677 79959 13353 74847 6461 67231 11281 64856 60029 4325 38747 26904 69767 9771 30086 
37409 80369 56441 53600 76027 21170 8103 22084 60079 30218 16558 57703 89251 45323 66665 99276 46352 62976 28982 21199 69437 12565 32481 50645 88946 53158 5744 15850 39278 15516 62288 93039 12237 18730 62992 4616 56252 87447 26700 16331 17666 59611 74035 23269 21286 57052 22545 67639 36380 67879 5190 5817 96797 54023 56462 1 7182 78558 17946 62812 94074 80234 55851 22663 15316 18843 27280 71569 6291 70332 4252 23957 29943 78287 47226 67582 51691 86123 51573 88071 70355 56763 10240 67152 10787 83054 52895 17969 61613 87193 80781 72039 67428 52984 94703 99096 71828 38335 70665 78119 
8667 91270 18428 54963 69557 82006 22545 37601 84481 74118 42024 54836 30881 52265 21988 58020 51671 91236 75989 13284 78429 73122 1676 62209 26107 96379 61306 14287 34714 48323 8758 59733 39593 43538 14696 25503 25544 53593 63104 26377 27711 5128 81214 74945 73745 19554 32965 25417 27142 25307 55053 21924 14781 56729 84133 57240 1 45439 71527 20526 10115 96637 80260 49708 40175 11308 75211 65719 64902 54667 8449 8965 76148 6015 83910 66245 25569 33228 91662 69064 74887 63068 90988 89668 19797 91473 63261 5610 36913 34788 26136 63380 47778 22748 13088 87953 34057 4652 70025 98959 
59319 78474 7924 35467 84489 8187 1713 26410 57767 9727 95474 32654 72795 2814 38674 8945 94288 1935 14555 31201 53076 57043 10933 854 79792 24021 88807 13849 28673 58832 29160 87993 53658 53436 39812 38147 61623 57877 64558 19390 67605 76384 68396 56752 79199 7071 82049 73487 9006 96604 21040 62082 53648 31973 79288 49792 72346 1 63641 1020 43280 92801 5365 96939 46237 45177 35086 24213 19407 15996 59955 87012 8733 28352 60116 87932 51775 42166 77771 77133 55122 98811 55568 25122 47136 34856 74914 19482 2952 38555 36854 62585 47708 42219 59524 10298 3749 10962 34511 23156 
43311 10818 26520 52044 55522 86636 56328 7297 28802 34099 84431 83925 49262 39999 9047 12750 91207 83962 32232 10512 38869 69087 73097 2930 27658 48973 13228 31407 59935 64091 54563 3246 74909 97435 71642 30432 84072 27970 54081 29226 78421 38512 13151 27683 94863 38551 56785 2423 38865 89018 12935 94086 74457 86032 97016 18467 35005 26596 1 11292 90687 37142 30891 81949 34578 2533 28733 18650 46856 82814 47876 25277 37679 77380 69313 48894 32283 26098 51317 87500 31468 64252 81586 22277 66636 94955 40745 17993 37903 6972 29286 44943 44114 60177 26892 78692 79062 71977 13694 42270 
71143 61571 83900 8822 55303 69565 74069 87586 12015 25386 91438 43484 5991 73024 82113 88979 84331 39210 6973 22235 62534 36259 67178 23001 12788 10422 18045 8202 82399 31740 66825 69894 9663 50725 95069 81318 20290 69138 68904 48657 10876 60342 8493 33219 49718 90607 22199 50402 29817 29172 72637 8704 81783 56167 31705 10923 66589 49750 35477 1 97842 2302 35234 7505 69379 46655 88823 6021 15793 74079 54679 43022 50773 63172 76241 16844 53779 14792 67246 99949 60316 56235 8653 42099 28754 56710 69374 95343 6460 4852 77035 20655 23506 28621 28160 92886 75277 33336 98907 7422 
23767 69938 50444 90893 33111 43038 7737 3242 57830 91335 3191 18147 63922 28196 60246 92676 1258 45973 4371 24071 67177 81406 44726 90683 26379 89238 99921 1656 38926 15181 25431 62694 85119 75875 53587 18230 18913 77676 37825 76744 69011 57368 94891 32933 85565 71489 25609 3175 33814 29980 27246 991 27738 71972 8027 54117 61211 24300 72126 137 1 97557 79183 40953 89784 32770 75535 8698 10446 13360 1794 95809 70729 13037 45094 72646 878 70703 75821 34693 17035 3068 52036 61125 91392 60063 31595 52603 716 3721 69093 40197 17630 48276 97502 23766 97399 73038 48816 24197 
2750 50610 20007 73479 79999 65101 62477 80878 52157 54651 15571 85544 57719 67607 46670 65463 44023 78265 18067 44739 98338 3512 1288 32320 68140 98791 56086 65539 88181 21255 89737 90931 71865 26096 80763 68217 7549 59592 49095 76058 14243 81018 77955 88314 48625 24625 53778 9000 19242 88197 53739 33932 91709 71380 82604 59849 86523 55042 41741 74704 76297 1 81987 64515 73926 79102 32732 97827 38695 81827 73886 69290 62845 51841 57605 27822 92818 11383 36823 28412 99580 6914 62344 7641 78294 61300 67490 64817 16342 9231 39521 92640 57061 37861 57155 47339 33315 89887 45167 72010 
71714 35405 57653 50911 87246 15258 78733 96416 42993 15556 24828 58925 22471 3524 66566 17117 81176 50408 81935 97518 75992 37808 90158 33053 75669 63665 96745 8985 53552 41912 97347 41618 77317 55000 92529 80915 86610 87615 93683 45955 19523 34863 4880 58346 54739 71446 75464 35915 38207 57399 33433 14199 95207 39944 63604 87229 3609 60349 12566 57162 18613 9913 1 12282 81266 7662 9549 84228 11629 3232 30184 31152 38095 35064 5851 9186 22863 81315 45101 61070 55066 78535 75269 66625 18479 38873 53854 22088 15575 66420 95602 34188 92686 10735 46471 90304 34749 56020 74532 46378 
75605 4716 93882 30052 39781 99733 39239 78996 81048 84340 40066 52466 79227 15335 19092 14058 70560 89298 36147 86135 72071 48101 36676 64757 58836 83147 55061 93585 55519 45945 56315 47476 50662 50198 77529 6795 49931 33120 85791 47332 17460 25857 99798 13040 57544 35242 27098 28104 24541 79597 30592 96612 27699 67268 77721 2887 66767 49134 96473 38638 95079 69140 86115 1 19338 79996 68888 85622 13116 71031 49306 46928 96888 65456 59968 70784 699 87067 98889 41592 66664 45833 54556 10715 13101 32277 13603 96220 97763 26428 34858 9194 95568 37325 71288 31259 17321 40176 16881 46789 
27560 82539 93718 24448 47995 53686 95233 48694 57105 10474 6638 40122 56307 61194 50837 85760 9823 80792 81980 7586 7220 33190 16781 2789 70516 4421 34048 4189 60949 67281 50979 88509 66172 44697 29310 14167 14735 24543 79214 88193 51369 85852 44667 24028 63399 95504 9788 73222 92649 8120 97161 99869 41310 30294 19010 28178 34715 69410 32368 95664 36691 83347 526 2863 1 29836 33383 75483 70731 12597 63676 22100 14801 8343 46128 78200 20200 72268 51423 12849 96740 48584 29070 54402 78878 48081 82581 29945 17491 14949 41961 70535 14648 42487 89750 75396 72323 23133 50879 43054 
52082 30908 81506 66884 55603 27634 45084 75803 16254 12859 5004 12994 61443 50427 67397 56673 98508 66330 2970 32351 97631 44932 2886 12279 87419 8989 87675 59743 32122 54906 19149 84205 85814 656 67441 41418 44642 12525 33573 60897 25385 54930 90243 3180 5357 73992 76206 20217 40322 79176 52568 37953 24108 71807 66584 11528 80796 70611 87623 29270 25518 6772 29827 11332 23780 1 69102 68423 26146 2676 45672 51531 57606 52267 71063 79315 26260 47269 99532 82934 26446 68452 37240 66906 40259 3824 94786 21055 74436 98761 66678 16306 21886 96505 27638 45666 93774 96741 14089 19920 
15769 76113 87803 89727 28381 58866 69042 54641 22488 84926 53927 48934 53378 91167 32192 93638 11344 26979 31045 2132 25740 14075 18438 47626 10581 62428 9645 4355 75521 23734 24275 91290 16200 12078 81017 44581 87296 66411 15574 9784 51337 69501 75070 4716 77021 7263 14706 4717 50594 62103 6849 92686 76179 41639 40313 86760 4067 49958 7467 95941 90044 48094 3583 6244 76524 84601 1 63820 67364 82751 73605 18702 68605 65027 39770 45626 72290 70828 50343 39236 32931 73544 31923 25462 15183 88588 28574 35602 54898 36041 47895 61294 84135 51479 83891 77011 36080 51068 40832 19796 
33820 30789 38498 2425 95816 78268 64403 84459 65448 14746 40047 98380 4642 71970 40194 36177 76910 85121 71779 31808 21162 19675 93103 21650 71154 93346 98661 23586 44414 55845 59734 78234 86634 98233 97011 98803 92853 61414 99614 58302 92512 39661 73034 97154 11632 29580 33331 88542 14701 21463 36703 52216 57490 46158 90218 44996 39504 5231 84934 83918 61077 44668 78505 64063 59253 75516 62866 1 53283 62480 26761 45795 18494 99795 59302 30126 45727 8985 35020 60429 46800 88075 12645 4290 34233 19215 65638 90089 24446 50572 90360 85523 95241 68865 65939 54494 60733 28805 22953 14016 
7638 49714 76164 42484 65861 35466 72610 11589 44451 23982 88370 91252 28410 17367 11894 62643 36582 77533 69085 61028 44457 59445 62904 56050 44662 28843 26897 5395 74000 49850 19412 97990 15917 11928 40474 98130 47394 29436 26071 8197 53419 14441 15801 98181 48160 27696 60824 84742 21581 46261 62123 66038 22058 25027 38441 66720 70222 65338 72116 44222 15188 7880 42213 47457 19808 99039 45588 83554 1 88011 91751 98247 18805 7553 96428 66965 51601 73604 51708 89534 36218 30183 71924 58276 55210 10365 24997 25432 75703 13465 86006 7244 21345 44571 54701 57505 43611 16641 41059 88439 
21005 49162 86686 39810 73067 99466 6775 24668 89422 74835 30554 25640 5018 2479 83917 76580 12844 8914 2012 4900 22379 4371 12144 60076 48942 83197 17581 92553 16191 74992 97344 37196 24154 382 77006 97222 99848 133 38242 89271 74969 68797 31263 96339 87628 15180 72920 16824 40446 91284 21724 79177 95655 50220 39253 60950 33418 73186 69855 65961 48178 67200 3157 88685 67582 96515 85907 83783 96648 1 73054 87969 25650 20669 84309 13278 35850 73581 46455 76296 81217 84531 71826 76873 34752 11079 37823 84522 618 24030 50483 65148 91230 69992 53833 58813 66507 56092 42596 79507 
96594 32002 67477 38596 52671 68138 68227 4873 58071 14682 97522 39288 99213 69348 32513 50317 96779 86688 34839 97397 10719 1674 62546 1949 88018 16379 77114 70877 72472 19710 50385 85418 68064 34214 24014 37088 18704 92241 41961 76775 23275 39483 32415 22489 25183 64929 72806 21963 51617 23998 19360 62336 42024 81906 64286 30043 14638 57752 920 3462 77463 51305 88880 61879 1871 29246 98967 36927 37840 40929 1 61115 96764 46118 83604 21948 27399 72763 43911 79016 13113 79623 41353 55137 61530 21991 85180 76168 79743 86101 79630 73558 53758 84862 51790 71982 30460 50757 8909 68300 
8038 38964 29416 21155 1434 29372 43103 28833 18487 3366 7849 31600 82989 65554 86738 60871 3897 88270 53391 99993 74371 33021 73551 44482 34235 41693 16464 64696 92451 41725 49348 16841 80689 78764 37996 98475 24489 97451 27308 59328 817 51510 90929 159 33416 94019 61030 37314 82289 14422 53659 73013 63795 27210 33847 14383 85256 66663 79079 77707 8388 44779 10900 5430 39896 48897 3905 64385 62700 47566 23713 1 15428 30994 80029 48844 41365 57411 2510 40007 71833 56169 13020 51981 99732 63219 66364 84988 29882 61795 79047 38270 6574 89947 60052 46470 55196 80310 27207 17897 
27876 67273 97767 43304 14619 94148 8500 55985 51559 11011 95992 39745 67180 25364 91726 83264 88583 74442 68252 18465 36237 47299 73087 59163 53599 49492 21986 8795 29802 49193 26692 74030 32818 40811 17334 47438 34959 25834 3423 86519 53197 15767 26264 36730 41131 34342 19994 29714 8784 88247 64531 61373 51898 53970 36888 5497 3462 58874 14293 49616 24420 57337 23646 57238 98149 40980 4676 49460 83167 24451 35979 52716 1 78595 89446 81349 29289 9441 27415 54425 14040 8298 15798 82290 78621 52687 87788 98435 27913 18433 48052 52333 92122 71698 9572 90271 29031 30600 39732 28550 
55052 92063 81266 11622 87011 87065 9324 16300 96506 53091 87078 26898 61390 2876 9188 40011 71915 13328 38446 16181 48113 2850 68514 40236 74549 94438 46859 19932 41391 2943 48482 12795 11359 46100 24417 98370 33165 33741 31022 29671 86833 18100 72921 64575 37329 98462 20938 9244 28142 59384 41777 76256 62235 10292 32844 53136 21082 79703 73068 62473 98999 37902 75268 10358 84002 99686 8728 17168 49779 56102 63191 52964 74203 1 17539 11532 50927 38477 37128 79069 14214 78906 71677 92801 5550 4521 62289 26632 577 35357 89106 99576 89611 64374 26286 73613 80412 51366 7133 46544 
7468 70325 99508 81671 22790 17048 9555 90069 71877 46684 85490 86091 41942 57168 95244 47492 78041 57533 74124 94970 9242 63230 10898 98853 43957 37184 72467 40721 88550 79600 87265 96019 66277 86774 77690 89067 20174 87246 95488 8403 50282 80979 94495 92224 38147 6091 39716 32540 63625 30192 27511 72867 93423 38409 71721 53732 75594 60540 10805 64144 56492 98071 76515 22770 1197 70558 28189 37723 57804 23678 46126 24438 4657 56973 1 59156 63065 72730 91696 26690 2922 19207 15909 12697 57617 3982 66429 49563 64522 93587 30059 21015 91658 6575 60137 9207 77133 88326 46930 51289 
28356 9408 75727 49365 66382 8741 8521 29447 81471 16570 72489 84393 52129 4750 13443 26098 8733 79872 75661 73255 89811 5721 10622 81469 28648 70759 7028 5781 59086 53958 73422 87442 63367 49149 53160 46101 57890 61681 91900 55713 94603 64389 56458 46733 69139 69901 72831 94224 66126 64845 67480 55937 86918 78102 53759 31918 65214 60787 37699 24300 31098 11121 28094 10817 76622 97606 56918 50864 59288 48818 6577 70243 29559 79387 16976 1 49289 6160 9275 15415 87357 93107 87704 74275 87561 41463 6193 52775 2251 60244 93427 33349 87717 37874 44166 80691 35480 1084 31555 94768 
66254 54484 81364 12165 50223 98340 27215 99512 20852 36490 31279 8209 45949 18984 98836 33511 76799 21381 86286 79050 97977 79714 28751 85694 17588 72917 82737 53068 90353 14292 64189 72959 85128 45553 85124 35352 60245 12340 51216 97450 65182 82496 5659 11132 17832 20848 44643 94631 42229 47281 90034 40207 26995 18785 42253 44583 8055 24991 14004 14760 55635 78193 4072 57116 40098 89196 92468 16695 17888 43684 14145 99423 42532 36157 26907 76716 1 87902 87700 15586 35183 94086 72145 62179 29223 14399 23114 53630 55742 53470 68391 11377 31663 88815 68493 88113 78011 77313 4809 12252 
37350 18954 11675 96234 55111 38582 72951 28468 42836 77003 44055 78019 71089 16200 40198 312 46951 79665 53943 2693 33135 38686 30423 81151 43853 15268 85616 21864 92582 90425 50468 46284 25732 78495 42518 97195 33429 31821 25664 76265 25176 86071 54285 96265 2271 10835 12930 49223 90500 83225 68268 39988 38263 15043 21139 82116 30312 23107 20332 39246 13533 70801 85530 55617 65648 44400 52812 99078 76222 94828 75343 17750 80899 29628 14016 99523 56816 1 65098 47316 42875 33366 3656 97490 48410 41147 79606 78722 64255 16290 34320 94140 3443 19850 49757 69092 64250 18921 68170 56824 
13750 43513 74575 11001 89494 4943 10524 46310 64593 75622 9978 23820 25341 29987 21310 90103 71134 916 68825 51741 33558 19497 45881 37002 39347 95638 6094 19949 30912 90616 93126 61014 50481 84053 72015 56327 5348 98892 2637 86293 90866 28968 10113 16207 75307 31423 6310 46441 48691 91487 98183 82249 27336 44064 19251 66683 56055 41697 2985 3319 32313 12463 64333 99147 96516 52700 55474 18216 67944 74464 4509 75163 3432 14622 91370 78739 46045 14033 1 94736 21872 56067 93337 49209 16484 12589 32244 88891 70638 51581 92210 19304 64044 72895 18451 60560 41947 73925 95128 9892 
48389 99637 85055 68173 14259 92777 63264 76656 23162 21149 87744 61387 77216 81082 10596 93700 10023 59192 82591 97013 10774 91153 16317 74818 64048 34768 51731 22348 25046 46859 32240 73435 46497 33647 57961 77108 42776 37577 70117 82291 58726 57861 43678 35943 55295 70626 45995 81670 29818 44939 78684 40592 36092 95001 31763 16493 46122 83494 38841 71168 46705 87433 60955 93202 21080 35268 86663 80208 72846 73132 62499 31572 30993 6177 83867 2641 76803 29863 84311 1 74802 79347 63566 27246 90701 95329 43739 36823 95175 82580 24343 41881 70013 1650 51435 7445 36919 54450 4006 9765 
27582 66505 57689 74928 89035 57909 77569 82190 4124 78232 5164 95278 57580 85083 22524 48281 80412 66264 1456 91940 65196 25799 33821 51562 43801 85256 75359 80720 39707 79365 6837 67289 62223 80879 58569 67610 38788 36138 49800 42912 30723 71317 38190 4655 56400 77066 69288 53164 43330 70744 45104 24879 12895 78925 92793 56696 80534 68152 53769 36593 63870 60606 20234 42445 41485 78804 26407 96625 31294 92559 55889 62017 63876 94079 66672 20276 71146 35960 73441 30828 1 34897 72059 35951 30175 64852 92648 10709 49357 46417 63654 29579 23375 83888 88376 81213 62692 14783 77838 93987 
7342 50080 72356 71219 60511 39029 7847 48009 91341 97640 95190 14398 32538 67249 50349 62713 48454 59349 89774 97811 22118 53428 43742 45494 37316 32118 43059 16361 46901 37249 26700 70595 87329 99056 41814 47841 54437 66014 95850 45779 63654 91040 76529 12544 74642 43230 75257 23096 2580 81383 37259 41050 34811 97353 2896 88480 29471 45955 21193 92724 83205 47893 63319 86886 63301 21486 51079 34091 87500 46930 96222 51154 54322 72751 63699 45316 15981 55308 68412 34913 36692 1 75964 87855 19376 95212 92687 65199 41168 13880 57923 40725 78125 21243 27611 57779 42729 95043 91870 30229 
41973 88092 97735 12647 60843 61434 57964 93176 16743 42728 44442 69787 64752 20406 57642 480 15618 66682 65680 73138 80562 23603 30215 75040 61198 74179 32819 3927 69222 41041 50508 27547 29133 48244 40194 6328 26030 14510 15856 59125 57239 60298 45264 38343 80704 19259 38823 12675 85941 4503 2165 82855 44459 32381 57895 5657 6560 7066 25937 75782 48107 76445 3329 77240 41041 59875 99920 83424 74386 15777 58901 31625 76075 4166 86320 73132 23425 25143 2159 9366 29647 4324 1 90458 53057 66469 96115 75969 89887 22052 51751 37995 14850 71432 31587 72243 47660 31508 55667 22046 
63637 14569 70023 39712 35087 56343 29196 58512 97838 31355 84230 43837 52032 92803 34295 5089 75624 30411 81059 65512 52463 49162 19859 83665 36947 51446 55909 84607 99306 27928 23005 62943 58849 9380 19008 93936 82075 64556 68800 79913 95912 69382 23751 64296 78538 58046 69385 54162 4809 66796 36026 73625 32311 55885 57290 85610 23684 29551 86569 39342 57480 25926 18638 16329 35306 53998 26618 33733 18554 95418 13646 14466 81153 53749 78762 59691 28148 64500 13853 32957 47648 66232 22934 1 38469 80225 81921 62153 9776 84842 17848 83608 10768 36486 16290 62426 90484 42908 96159 9038 
54678 26158 23505 35831 79907 18619 11874 8055 99471 42080 57365 47120 8312 80299 43431 46781 76876 41705 25287 3005 42899 43135 86613 53668 95973 19255 32446 86457 62163 28606 95495 33194 54764 35352 85377 51023 70324 97252 75431 69795 39332 32796 33267 63996 29447 93051 27129 22676 51108 68768 25681 94007 11903 28646 64027 24228 47902 96474 10685 26417 41432 22533 75963 12548 74237 61341 63571 44561 74945 39002 30709 30629 88150 80328 94625 33950 73379 21754 56626 24487 6875 98659 18495 18778 1 82522 43007 91559 95348 70044 17977 36780 92577 93940 49328 83167 71633 12900 44080 46578 
68254 74789 77207 72757 55118 88184 6707 44849 26291 79685 85689 33166 78344 4184 68296 22001 3058 27655 13561 14759 97700 47890 51539 6629 58182 868 89796 46168 30120 33877 92746 14726 25018 86306 3835 96488 74490 10542 57690 781 6579 43379 50299 84923 63915 18596 23277 83325 46251 36838 98084 43951 1080 49624 66933 75614 66844 56729 21782 13316 6958 14529 28042 48329 17187 31878 44817 91677 58772 2507 8811 65352 45886 59110 66627 26153 77706 89904 9479 23958 43094 7563 84261 60526 57187 1 36141 24031 24276 57923 37347 47586 88804 81742 95915 5991 13620 57085 14021 88744 
59592 22832 70448 21831 98294 37076 47984 76001 43332 57463 16311 2779 65027 16924 63305 38566 84471 99446 78950 25099 73722 16297 72685 62526 14391 84953 84870 44363 42038 98891 33108 17982 38075 3556 39813 36369 56984 4150 28722 16669 61613 61385 19448 42992 94662 82753 81559 79133 98552 60509 20584 72274 93158 9621 51152 7550 94574 36022 68265 36612 51265 1373 70947 89340 21282 10760 42062 94618 14910 70784 11287 92876 48522 47087 52220 43184 29841 33779 38669 44745 10640 59253 33371 20151 85226 84523 1 79801 36898 12318 32765 88163 30044 3712 93856 67678 30825 35918 62296 62087 
23054 89936 54963 87928 37023 7184 31112 83216 57315 69781 44313 84308 45386 77684 4459 30613 62208 48512 26766 15458 60830 75883 3621 90874 79596 13829 58552 26773 66099 37201 88860 5506 43489 43824 93434 96864 67360 24547 96433 41027 10680 40746 25335 72419 18431 29794 3032 96991 78306 46150 12449 55489 22033 32422 46363 1629 62604 21268 28402 28703 74821 33615 34209 18310 93791 27644 15174 61151 68543 11607 18530 79223 52354 43866 51642 87137 73660 71026 84128 68319 17176 12929 23808 39210 61703 86523 57191 1 7791 1946 69363 82612 35561 3572 17274 29352 47568 32449 6855 32463 
60408 25385 28039 12762 69251 96033 16251 59264 67060 16731 27583 588 29660 67743 56150 7716 54266 29694 32023 62058 31640 1386 61022 83553 21311 78297 12905 85231 27098 36112 17695 87506 61497 45734 16621 47101 58119 32872 22717 41531 49604 66652 42120 95616 34395 14622 3332 88661 44316 35356 67071 75956 53094 44446 59509 90757 39095 88766 75989 66193 41230 10036 70051 2728 72122 86672 66181 30241 19545 5250 71773 85501 71902 30245 81117 6297 44867 84450 11310 89184 36158 94734 65140 5604 39180 41002 96362 78275 1 88703 60820 87351 15091 30871 6431 87213 17544 88964 17454 53441 
94214 5579 38942 66116 35824 36411 88765 80692 37213 75 69876 89723 94809 51368 95328 50341 8722 8042 44968 54843 13097 5788 58546 28188 36660 64977 15401 70556 53941 49207 40349 48155 54787 79291 30623 90611 32054 19388 87655 85620 35815 57531 75343 46977 25252 87023 97318 33974 11417 42287 5169 24514 64427 63715 52702 1087 28692 84455 87995 82633 33663 28344 47140 4802 23987 77763 95413 56042 13503 83069 58014 49319 56952 33357 96296 82204 36733 9966 32531 48150 68605 37700 72665 33033 1416 25367 50472 46460 26175 1 45446 59838 66812 8938 64640 7152 86702 76405 79546 205 
75826 37560 65876 32779 87269 62172 31335 24002 72139 80218 72153 40744 34271 44818 90129 52039 86537 40602 98499 12712 95422 60297 88902 78586 69236 53542 85738 55938 29948 65284 72495 22126 19196 38372 71257 6466 16896 18945 30468 5387 99163 2621 62484 33434 63791 52613 1825 50329 93215 325 79393 88637 76974 68296 67224 46210 21838 69314 18500 68138 34599 90996 90265 70147 45720 77874 76613 78968 96819 7082 84356 12335 26055 46840 45769 89847 99453 63947 56528 9021 64272 35921 14010 41246 4217 97586 3809 42408 66901 22309 1 17852 29657 33515 87999 91729 11390 80965 70698 8209 
4399 55054 20544 30454 1894 82666 36653 17699 62965 9533 26720 27237 61807 57083 84835 82376 54669 4996 24784 37922 27306 68035 72126 73315 1550 60126 65045 12940 57443 35743 37502 61842 90797 74398 8648 9043 73416 61654 26742 36381 71187 69815 79970 32994 43250 81158 15371 97919 86154 56507 52194 29812 24542 24320 3128 42445 798 68173 55385 58241 3916 9239 20083 11065 99990 28732 20108 73406 90386 63202 26140 77925 49369 6110 27272 92619 3620 58995 6891 89775 15502 59085 35939 56397 99757 39067 98842 556 7240 70579 58797 1 96171 95233 54925 96161 23965 91385 85919 30703 
54588 12059 8628 20309 34522 35900 12929 54494 94895 36172 44269 26750 11609 80209 99499 11366 35628 14693 11922 59221 85272 87072 86729 97795 82305 58007 93956 22622 49392 96228 69677 20332 8287 94657 40642 59161 46910 69923 13656 58157 6095 74277 84907 17704 70838 758 45422 6467 15451 73697 65688 724 60769 68769 98519 59426 26776 8828 82048 76169 5056 68077 96501 29695 62734 53495 88857 9644 23418 18865 67802 29513 9494 69061 63569 80333 69820 25344 86800 85271 99041 68840 2347 59810 37609 17219 19236 64386 26047 17636 56907 47455 1 53408 77150 64799 6904 82359 74444 46674 
17576 58598 92540 27071 27659 72461 7404 97479 97805 10556 99103 96846 79396 1450 56656 33357 18669 92244 14095 61068 26232 71002 8523 28297 40763 2026 9449 64019 737 245 10693 18314 58843 3233 61737 86502 75695 69141 334 73500 96049 99437 86699 91797 17239 43355 25154 52261 51952 39250 13329 78184 26604 38205 22834 67367 56583 32283 31386 73672 32528 58432 91986 7723 78017 70075 10577 70064 39216 10911 59917 51617 26700 46616 43414 60292 89971 68569 12553 58275 24171 42234 52812 50775 96791 91998 18143 53374 24281 65881 27047 73161 40665 1 97236 18683 5461 7813 5099 61029 
35077 65016 12647 78129 11632 72413 38421 17956 40982 50974 76231 81505 9561 45395 32281 6352 37393 66776 59727 78026 49009 3126 67539 89675 54863 64775 24710 60324 72589 29809 37706 7666 94826 66705 85795 22810 39118 40569 40766 80101 7895 33350 77958 17456 78745 10239 23809 32491 77015 99888 10517 42377 19366 78057 48404 74229 42832 73114 50906 15421 19275 88612 39439 14101 55317 41587 53264 94435 82156 94030 90888 90051 43732 68847 7508 38830 79086 47669 71321 72454 63909 81838 31183 83275 76247 79587 57504 19080 52701 8410 50853 71976 13374 6645 1 68691 48232 55694 63127 30388 
66076 70367 20439 26161 39214 44299 64991 34653 91968 36312 23459 55877 34502 54642 55504 10750 34229 13009 29830 86930 37771 97035 75258 51146 3680 94040 19837 51912 66086 99316 98652 48515 69684 35444 74676 25250 79743 39667 59903 88064 75979 83362 60293 10481 38004 15798 21231 88585 28807 67413 91867 82930 64449 67126 34076 84481 77518 70266 36394 43605 85934 51398 92120 71970 86842 66796 97221 66586 6463 57124 71002 98794 56839 31295 9275 11195 47093 46859 99781 92252 14272 91648 75183 95073 75126 25611 79555 52645 12229 32301 12602 14516 83699 21074 86486 1 4222 83707 53480 27037 
40832 24482 25831 14023 72129 51458 25218 19223 14669 24999 11475 28942 16648 3010 40367 8126 44974 36274 60771 73555 84927 89725 88071 84979 10799 74558 71873 15021 58265 41705 42058 15449 82539 84241 45824 54668 35700 71043 90243 50369 96042 18071 95663 29042 21081 52383 37169 82407 5009 14292 55963 89937 20370 60386 74916 31169 34944 63141 62543 9562 4846 20953 41363 3737 21547 3540 58405 73599 74583 48649 23968 86977 66720 35984 32372 4153 4719 85893 2913 9728 16537 58876 99665 36907 35614 90933 84429 86911 54074 63324 12825 75272 84277 70540 79009 5824 1 53767 79423 48663 
2416 19744 51993 85488 72080 84365 5993 76799 70258 8906 2879 86795 84134 18897 40055 19749 9830 24484 6660 80257 87808 19485 71881 88437 90025 50891 10614 64106 4658 90037 29121 23426 26133 81114 25266 14565 81831 31259 7716 68441 40166 10596 71589 24300 29493 11644 44049 55675 52480 67061 35932 40288 86546 7814 28725 92924 75057 55691 73382 79715 45729 2503 19493 88214 99970 44759 2780 98153 76018 10496 66595 32536 37444 54536 56837 66937 66180 17238 22613 18660 84300 74897 75300 70846 99063 20377 63770 74120 76069 53504 70187 38150 56008 6032 42716 72330 50791 1 86835 43162 
88697 53430 75698 26141 24318 48887 9431 90498 66126 32044 25510 50426 23293 17162 37624 22357 53892 17747 12829 29961 71251 83017 84463 43611 89049 27179 32293 56193 89028 19129 15707 77725 88911 7757 20218 13230 56645 29649 3728 39123 78045 45591 89549 1339 79105 43525 40048 32997 61272 52877 62958 48876 35894 63773 92487 41296 7305 24781 97489 96333 60262 13196 90410 49173 20953 26980 62403 93950 56630 82484 33073 34675 28075 38974 36014 23532 82500 76062 56530 60124 45292 35840 9000 81186 99614 17840 38834 6919 42621 36323 19604 2883 65871 26366 68408 3177 53346 30812 1 9976 
13296 46553 44652 57723 85527 97018 81255 68027 89433 37785 28152 34725 73626 53504 32263 89592 71344 71098 96511 30317 23773 32467 49552 5997 58833 17961 25526 12179 48773 39005 38508 78421 85558 99512 36144 71086 96530 17399 55465 2315 71537 99969 53392 61515 53474 85656 51107 41170 73106 63970 71488 13231 12789 37392 35580 71622 55353 61106 153 20478 112 38661 98899 85670 54525 35043 73108 67408 68795 28574 69723 40332 28543 23116 18199 98369 25124 69306 39540 14582 49628 27380 44165 62417 64772 79746 50391 20126 40852 50544 56956 40964 5558 55856 42987 60083 90899 16095 27491 1 


